0 22.634615384615383
1 40.275862068965516
2 40.450980392156865
3 39.6063829787234
4 35.71212121212121
5 13.75
6 32.84782608695652
7 15.466666666666667
8 27.0625
9 27.515625
10 26.782178217821784
11 25.4
12 23.264150943396228
13 3.6666666666666665
14 31.040816326530614
15 32.54761904761905
16 15.555555555555555
17 10.0
18 25.319444444444443
19 11.8
20 16.5
21 10.45
22 6.714285714285714
23 33.33846153846154
24 29.724489795918366
25 34.42201834862385
26 7.4
27 30.107142857142858
28 17.666666666666668
29 31.511811023622048
30 13.0
31 18.973684210526315
32 19.25
33 16.98
34 9.0
35 29.81578947368421
36 27.05
37 30.63855421686747
38 38.8448275862069
39 31.153846153846153
40 15.8
41 29.13157894736842
42 23.772727272727273
43 15.526315789473685
44 38.0
45 33.7734375
46 19.857142857142858
47 10.4
48 8.0
49 10.5
50 3.8666666666666667
51 1.75
52 26.7
53 28.721649484536083
54 10.0
55 27.431372549019606
56 28.520833333333332
57 9.142857142857142
58 16.03846153846154
59 30.444444444444443
60 19.95
61 13.0
62 13.317073170731707
63 10.5
64 26.4
65 10.25
66 24.254545454545454
67 13.5
68 7.0
69 30.76923076923077
70 3.5
71 19.25
72 11.0
73 2.5
74 30.11111111111111
75 11.75
76 8.921052631578947
77 3.0
78 8.923076923076923
79 12.148148148148149
80 19.2
81 16.857142857142858
82 9.4
83 35.043956043956044
84 14.25
85 30.767857142857142
86 25.88888888888889
87 11.8
88 18.0
89 10.5
90 8.0
91 19.466666666666665
92 18.714285714285715
93 7.909090909090909
94 22.928571428571427
95 29.92207792207792
96 29.75
97 13.0
98 4.0
99 41.47540983606557
100 23.05
101 13.333333333333334
102 30.142857142857142
103 35.829268292682926
104 14.333333333333334
105 3.0
106 23.11111111111111
107 19.5
108 25.275
109 39.644444444444446
110 21.5
111 21.05263157894737
112 17.571428571428573
113 28.470588235294116
114 25.875
115 20.0
116 5.0
117 1.5
118 4.0
119 9.0
120 11.444444444444445
121 3.5
122 12.0
123 6.5
124 14.0
125 20.5
126 6.666666666666667
127 6.333333333333333
128 9.666666666666666
129 10.0
130 8.333333333333334
131 16.666666666666668
132 36.63768115942029
133 0.0
134 29.069767441860463
135 13.25
136 8.88888888888889
137 32.75
138 29.90909090909091
139 48.5
140 3.0
141 1.0
142 1.0
143 3.0
144 0.0
145 2.0
146 29.94047619047619
147 14.714285714285714
148 2.0
149 5.125
150 0.0
151 10.0
152 22.666666666666668
153 41.62
154 36.0
155 6.0
156 22.428571428571427
157 37.07142857142857
158 6.0
159 3.0
160 30.944444444444443
161 44.46511627906977
162 29.352941176470587
163 6.333333333333333
164 4.0
165 16.238095238095237
166 24.5
167 16.285714285714285
168 22.555555555555557
169 23.608695652173914
170 15.6
171 9.666666666666666
172 3.5
173 1.5
174 17.625
175 58.333333333333336
176 15.272727272727273
177 21.875
178 0.5
179 15.0
180 2.0
181 21.75
182 22.175675675675677
183 13.0
184 28.053763440860216
185 28.0
186 42.525252525252526
187 9.916666666666666
188 10.0
189 11.818181818181818
190 24.64516129032258
191 3.0
192 21.1
193 0.0
194 5.9375
195 2.0
196 0.75
197 25.59259259259259
198 32.5
199 22.0
200 6.0
201 11.428571428571429
202 5.0
203 22.157894736842106
204 36.53333333333333
205 16.5
206 8.0
207 15.208333333333334
208 28.269662921348313
209 16.88235294117647
210 21.5
211 17.923076923076923
212 11.909090909090908
213 4.0
214 24.08108108108108
215 1.0
216 22.65
217 13.5
218 2.0
219 1.0
220 30.8375
221 4.0
222 1.0
223 24.75
224 21.0
225 12.666666666666666
226 22.0
227 23.625
228 20.5
229 47.0
230 15.875
231 13.857142857142858
232 5.5
233 5.0
234 5.071428571428571
235 21.072727272727274
236 24.605263157894736
237 7.666666666666667
238 14.75
239 10.0
240 42.6
241 4.0
242 9.0
243 7.4
244 17.5
245 4.5
246 38.0
247 4.0
248 24.0
249 19.5
250 36.0
251 22.0
252 11.2
253 19.5
254 28.83050847457627
255 21.157894736842106
256 2.0
257 16.8
258 19.0
259 11.8
260 18.76086956521739
261 8.4
262 16.35
263 14.571428571428571
264 11.0
265 1.0
266 19.80952380952381
267 7.777777777777778
268 9.5
269 4.0
270 16.0
271 7.666666666666667
272 7.5
273 1.0
274 10.0
275 31.09090909090909
276 21.956521739130434
277 18.7
278 2.0
279 18.0
280 21.19047619047619
281 27.0
282 4.0
283 29.0
284 24.0
285 15.8
286 10.0
287 10.0
288 19.25
289 18.0
290 7.0
291 0.0
292 13.5
293 2.75
294 2.0
295 16.833333333333332
296 12.0
297 6.0
298 0.0
299 8.578947368421053
300 20.0
301 24.0
302 6.0
303 31.209302325581394
304 14.833333333333334
305 27.166666666666668
306 38.47826086956522
307 13.307692307692308
308 22.48148148148148
309 13.555555555555555
310 22.16
311 5.666666666666667
312 12.0
313 29.75
314 12.714285714285714
315 14.5
316 7.333333333333333
317 0.0
318 8.0
319 14.5
320 36.95348837209303
321 21.473684210526315
322 18.9
323 12.0
324 6.0
325 19.5
326 0.0
327 26.2
328 17.0
329 17.142857142857142
330 22.5
331 16.333333333333332
332 12.0
333 2.5
334 27.954545454545453
335 40.9
336 0.0
337 19.714285714285715
338 26.17391304347826
339 14.0
340 7.5
341 19.0
342 4.0
343 6.0
344 25.76923076923077
345 6.0
346 7.0
347 7.333333333333333
348 8.6
349 37.75
350 26.142857142857142
351 11.0
352 34.166666666666664
353 30.72
354 22.428571428571427
355 11.615384615384615
356 4.0
357 22.0
358 0.0
359 19.9
360 10.0
361 21.066666666666666
362 12.0
363 32.65217391304348
364 8.214285714285714
365 9.0
366 9.0
367 29.0
368 9.0
369 18.0
370 10.0
371 6.875
372 28.526315789473685
373 6.666666666666667
374 20.7
375 25.0
376 15.0
377 9.5
378 15.285714285714286
379 14.666666666666666
380 10.8
381 5.0
382 5.0
383 41.74074074074074
384 14.5
385 27.0
386 4.5
387 1.0
388 7.0
389 1.0
390 19.5
391 8.2
392 12.0
393 29.24137931034483
394 14.76923076923077
395 9.0
396 33.61538461538461
397 8.0
398 51.0
399 2.0
400 24.38888888888889
401 33.75
402 29.5
403 9.0
404 1.0
405 13.333333333333334
406 2.3333333333333335
407 27.15
408 13.125
409 24.571428571428573
410 22.2
411 11.666666666666666
412 19.0
413 36.23076923076923
414 5.0
415 21.555555555555557
416 13.0
417 30.428571428571427
418 0.0
419 13.5
420 26.181818181818183
421 24.0
422 5.0
423 6.0
424 4.0
425 4.0
426 22.166666666666668
427 46.15384615384615
428 7.0
429 5.0
430 2.5
431 34.0
432 0.0
433 14.5
434 2.0
435 3.0
436 25.0
437 32.3
438 30.0
439 6.333333333333333
440 32.0
441 11.5
442 29.357142857142858
443 14.0
444 52.5
445 6.0
446 3.0
447 1.0
448 16.25
449 3.5
450 3.0
451 2.0
452 28.0
453 20.0
454 10.0
455 12.0
456 6.0
457 12.0
458 19.0
459 4.5
460 5.0
