0 0.894427190999916
1 1.2310864187748167
2 0.5905543568534369
3 1.8787448241133005
4 0.0
5 2.3030652593969405
6 0.40406101782088427
7 0.6851601597031488
8 1.0754784946224807
9 1.5627528697116213
10 0.4509096384805816
11 0.6335812324771531
12 0.7317917228850433
13 0.20965696734438366
14 1.433428401118129
15 1.799555720096898
16 1.1384042013101225
17 1.9685957348218779
18 2.0227834851568374
19 1.656952628902092
20 1.5294967219746807
21 1.2078632859637928
22 0.11180339887498948
23 1.7761303936529356
24 2.2236461662610068
25 1.5244768464864198
26 2.2959026567465974
27 0.4472135954999579
28 0.1336306209562122
29 2.399520143952017
30 0.7431605356175384
31 1.850492232659063
32 0.8050473686826042
33 2.316761203152324
34 0.5007733956671915
35 1.7494960673627815
36 1.2154762526930676
37 0.8858078930362389
38 1.0199734414805361
39 0.23735633163877065
40 0.45407660918649984
41 1.1531133203941102
42 2.0353137525332636
43 0.5397841295136605
44 0.4036036763977875
45 0.8736977528572243
46 2.0233598203003873
47 0.5063160398440779
48 0.5144957554275266
49 0.9741763740941048
50 0.5846128222154678
51 2.5844456718230666
52 0.0
53 0.2773500981126146
54 0.21320071635561041
55 0.6847367880174606
56 1.4498930239924248
57 1.4855307033475396
58 0.7576219580966055
59 0.2
60 0.254000254000381
61 1.173264290079433
62 0.21442250696755896
63 2.0589036786063404
64 1.9575537366868454
65 1.086157705902556
66 0.4838429975134233
67 0.25993762245501817
68 0.39056673294247163
69 0.25175440748900674
70 0.38074980525429486
71 0.9974586998307351
72 1.1940622107700851
73 0.5
74 0.27937211830783126
75 0.1889822365046136
76 0.0
77 0.4743416490252569
78 0.4785101489172643
79 0.9033030954895167
80 0.21320071635561041
81 1.8641964690526789
82 0.0
83 0.9400193421607683
84 0.9834450564746755
85 2.4707798879335683
86 0.6804138174397717
87 1.3525044520011484
88 0.6175135279477232
89 0.1543033499620919
90 0.0
91 1.7736263968803807
92 0.264258211290845
93 0.7559289460184544
94 0.1796053020267749
95 0.5303300858899107
96 0.7832604499879574
97 0.19425717247145283
98 3.089887809172668
99 0.6181225377691006
100 0.15617376188860607
101 0.6207659127814104
102 1.3335385720528332
103 0.4889012070387047
104 0.8505719656856141
105 0.36650833306891567
106 0.4743416490252569
107 1.125087900926024
108 0.6937819061732103
109 1.137300268072367
110 0.6095569153307367
111 0.0
112 0.7493075430155055
113 0.11704114719613057
114 0.7802364842355227
115 0.0
116 0.6459422414661737
117 0.4029114820126901
118 1.0223313016447166
119 0.0
120 1.1027027284780773
121 0.8076392353037171
122 0.3441236008058426
123 0.1889822365046136
124 0.34874291623145787
125 0.0
126 1.302772645104921
127 0.5345224838248488
128 1.4281822448374955
129 0.49872934991536755
130 1.2273017528205885
131 1.8784637218212314
132 0.4082482904638631
133 0.3662948371965041
134 0.2626128657194451
135 0.17149858514250882
136 0.8465436772196607
137 0.4472135954999579
138 0.9440328617213386
139 0.13130643285972254
140 0.8665782448262421
141 0.35777087639996635
142 0.9215455665108366
143 2.180891860724896
144 0.0
145 0.454858826147342
146 1.0067240204610763
147 0.36650833306891567
148 0.08770580193070293
149 0.5931990380498501
150 0.6697746866231371
151 0.39391929857916763
152 0.0
153 0.39391929857916763
154 0.3333333333333333
155 0.914288798415721
156 0.6
157 1.5876064072797484
158 0.42111744380615784
159 1.9814017293489854
160 0.7336739820667777
161 0.11470786693528087
162 1.2669236525541994
163 0.4755506386222112
164 1.1528773627720483
165 0.0
166 0.4975185951049946
167 0.0
168 0.0
169 0.4123930494211613
170 1.610362655487247
171 1.6073945868737105
172 0.1270001270001905
173 0.468292905790847
174 0.6609789738588476
175 0.22941573387056174
176 0.9759000729485332
177 0.5735393346764044
178 0.0
179 0.12216944435630522
180 1.0089956834182328
181 0.2250175801852048
182 0.8202233936559833
183 0.5369248441712194
184 0.25
185 1.0354956827049178
186 0.0
187 0.5262348115842176
188 0.6
189 0.7844645405527362
190 1.148936440824707
191 0.0
192 0.0
193 0.309426373877638
194 1.0515066125337225
195 0.6435959029348384
196 0.25916052767440806
197 1.476399004610076
198 0.3721042037676254
199 1.4336344586147973
200 0.4865336327998411
201 0.47140452079103173
202 0.5923488777590923
203 1.1318236699485855
204 0.0
205 0.4642939395204821
206 0.5454545454545454
207 0.5986710947139654
208 0.0
209 0.0
210 2.38378708084938
211 0.2182178902359924
212 0.6984302957695782
213 0.0
214 0.0
215 0.43450035727485475
216 0.0
217 1.6103722151379392
218 0.4082482904638631
219 0.0
220 0.546018906231948
221 0.45883146774112354
222 0.5923488777590923
223 1.2832614104391344
224 0.5303300858899106
225 1.1706281947614154
226 0.5707817929853929
227 0.0
228 0.0854357657716761
229 0.0
230 2.396327946436565
231 1.033622788243404
232 0.0
233 1.3308165902688718
234 0.6939779183594883
235 0.12909944487358055
236 1.1907741629801205
237 0.95
238 1.1675275445897997
239 0.7027642214999339
240 1.2028335340512826
241 0.17888543819998318
242 0.35856858280031806
243 0.47519096331149147
244 0.3535533905932738
245 1.0316909992373902
246 0.0
247 0.0
248 0.0
249 1.5934144523346243
250 1.4040042984889465
251 0.6064496310619684
252 0.5049555224782425
253 0.11785113019775793
254 0.16012815380508713
255 0.8727860481775686
256 0.16666666666666666
257 1.6661083594384698
258 0.17149858514250882
259 0.9304804031721452
260 0.7814646651645636
261 1.992913103446733
262 0.8560952183030244
263 1.4702384793167913
264 0.6195855517393628
265 0.4521867351553772
266 0.7699188535494523
267 1.887652662034549
268 1.8016898767608542
269 0.7462025072446364
270 0.8762262903202238
271 0.16116459280507606
272 0.8773280079294956
273 0.0
274 0.24209101306752098
275 0.0
276 1.4365834639333268
277 1.0
278 0.44556639433950346
279 1.4484236377810045
280 0.10206207261596577
281 1.533166698810794
282 0.0
283 0.5746957711326908
284 0.0
285 0.3113995776646092
286 1.5811388300841898
287 0.0
288 0.17149858514250882
289 0.588348405414552
290 0.3144854510165755
291 0.5622535302317492
292 0.711530850088466
293 0.8292279828967711
294 0.3692744729379982
295 0.7789808377045201
296 0.3849001794597505
297 0.7155417527999327
298 0.0
299 0.4507489358552088
300 0.3261640365267211
301 0.5205792062953536
302 0.1259881576697424
303 0.8405958999380528
304 1.5207512504619918
305 0.4256282653793743
306 0.7399229916143659
307 0.10783277320343841
308 0.5076730825668095
309 0.2849881999516386
310 0.6357072528610997
311 0.4472135954999579
312 0.0
313 0.6213697660012001
314 0.6207659127814104
315 0.24333213169614382
316 0.8858795678282981
317 0.3686048903872428
318 0.9006863799659567
319 0.7476591451270221
320 0.14824986333222023
321 0.24413653763134782
322 0.3441236008058426
323 0.40451991747794525
324 0.10540925533894598
325 0.8442317648177381
326 1.1334449739165977
327 1.0606601717798212
328 0.0
329 0.09245003270420485
330 0.0
331 0.39904344223381105
332 0.4166666666666667
333 0.33541019662496846
334 0.9383148632568366
335 0.7742017690530635
336 0.9079798901495729
337 0.18569533817705186
338 0.26037782196164777
339 0.23904572186687872
340 0.0
341 0.551380177828794
342 0.34299717028501764
343 1.025229189260113
344 0.5103103630798288
345 0.26037782196164777
346 0.6835859270246633
347 0.5685352436149612
348 0.6546536707079771
349 0.1543033499620919
350 0.23570226039551587
351 0.0
352 0.17609018126512477
353 0.23904572186687872
354 0.20412414523193154
