0 0.894427190999916
1 1.2310864187748167
2 0.5905543568534369
3 1.8787448241133005
4 0.0
5 2.3030652593969405
6 0.40406101782088427
7 0.6851601597031488
8 1.0754784946224807
9 1.5627528697116213
10 0.4509096384805816
11 0.6335812324771531
12 0.7317917228850433
13 0.20965696734438366
14 1.433428401118129
15 1.799555720096898
16 1.1384042013101225
17 1.9685957348218779
18 2.0227834851568374
19 1.656952628902092
20 1.5294967219746807
21 1.2078632859637928
22 0.11180339887498948
23 1.7761303936529356
24 2.2236461662610068
25 1.5244768464864198
26 2.2959026567465974
27 0.4472135954999579
28 0.1336306209562122
29 2.399520143952017
30 0.7431605356175384
31 1.850492232659063
32 0.8050473686826042
33 2.316761203152324
34 0.5007733956671915
35 1.7494960673627815
36 1.2154762526930676
37 0.8858078930362389
38 1.0199734414805361
39 0.23735633163877065
40 0.45407660918649984
41 1.1531133203941102
42 2.0353137525332636
43 0.5397841295136605
44 0.4036036763977875
45 0.8736977528572243
46 2.0233598203003873
47 0.5063160398440779
48 0.5144957554275266
49 0.9741763740941048
50 0.5846128222154678
51 2.5844456718230666
52 0.0
53 0.2773500981126146
54 0.21320071635561041
55 0.6847367880174606
56 1.4498930239924248
57 1.4855307033475396
58 0.7576219580966055
59 0.2
60 0.254000254000381
61 1.173264290079433
62 0.21442250696755896
63 2.0589036786063404
64 1.9575537366868454
65 1.086157705902556
66 0.4838429975134233
67 0.25993762245501817
68 0.39056673294247163
69 0.25175440748900674
70 0.38074980525429486
71 0.9974586998307351
72 1.1940622107700851
73 0.5
74 0.27937211830783126
75 0.1889822365046136
76 0.0
77 0.4743416490252569
78 0.4785101489172643
79 0.9033030954895167
80 0.21320071635561041
81 1.8641964690526789
82 0.0
83 0.9400193421607683
84 0.9834450564746755
85 2.4707798879335683
86 0.6804138174397717
87 1.3525044520011484
88 0.6175135279477232
89 0.1543033499620919
90 0.0
91 1.7736263968803807
92 0.264258211290845
93 0.7559289460184544
94 0.1796053020267749
95 0.5303300858899107
96 0.7832604499879574
97 0.19425717247145283
98 3.089887809172668
99 0.6181225377691006
100 0.15617376188860607
101 0.6207659127814104
102 1.3335385720528332
103 0.4889012070387047
104 0.8505719656856141
105 0.36650833306891567
106 0.4743416490252569
107 1.125087900926024
108 0.6937819061732103
109 1.137300268072367
110 0.6095569153307367
111 0.0
112 0.7493075430155055
113 0.11704114719613057
114 0.7802364842355227
115 0.0
116 0.6459422414661737
117 0.4029114820126901
118 1.0223313016447166
119 0.0
120 1.1027027284780773
121 0.8076392353037171
122 0.3441236008058426
123 0.1889822365046136
124 0.34874291623145787
125 0.0
126 1.302772645104921
127 0.5345224838248488
128 1.4281822448374955
129 0.49872934991536755
130 1.2273017528205885
131 1.8784637218212314
132 0.4082482904638631
133 0.3662948371965041
134 0.2626128657194451
135 0.17149858514250882
136 0.8465436772196607
137 0.4472135954999579
138 0.9440328617213386
139 0.13130643285972254
140 0.8665782448262421
141 0.35777087639996635
142 0.9215455665108366
143 2.180891860724896
144 0.0
145 0.454858826147342
146 1.0067240204610763
147 0.36650833306891567
148 0.08770580193070293
149 0.5931990380498501
150 0.6697746866231371
151 0.39391929857916763
152 0.0
153 0.39391929857916763
154 0.3333333333333333
155 0.914288798415721
156 0.6
157 1.5876064072797484
158 0.42111744380615784
159 1.9814017293489854
160 0.7336739820667777
161 0.11470786693528087
162 1.2669236525541994
163 0.4755506386222112
164 1.1528773627720483
165 0.0
166 0.4975185951049946
167 0.0
168 0.0
169 0.4123930494211613
170 1.610362655487247
171 1.6073945868737105
172 0.1270001270001905
173 0.468292905790847
174 0.6609789738588476
175 0.22941573387056174
176 0.9759000729485332
177 0.5735393346764044
178 0.0
179 0.12216944435630522
180 1.0089956834182328
181 0.2250175801852048
182 0.8202233936559833
183 0.5369248441712194
184 0.25
185 1.0354956827049178
186 0.0
187 0.5262348115842176
188 0.6
189 0.7844645405527362
190 1.148936440824707
191 0.0
192 0.0
193 0.309426373877638
194 1.0515066125337225
195 0.6435959029348384
196 0.25916052767440806
197 1.476399004610076
198 0.3721042037676254
199 1.4336344586147973
200 0.4865336327998411
201 0.47140452079103173
202 0.5923488777590923
203 1.1318236699485855
204 0.0
205 0.4642939395204821
206 0.5454545454545454
207 0.5986710947139654
208 0.0
209 0.0
210 2.38378708084938
211 0.2182178902359924
212 0.6984302957695782
213 0.0
214 0.0
215 0.43450035727485475
216 0.0
217 1.6103722151379392
218 0.4082482904638631
219 0.0
220 0.546018906231948
221 0.45883146774112354
222 0.5923488777590923
223 1.2832614104391344
224 0.5303300858899106
225 1.1706281947614154
226 0.5707817929853929
227 0.0
228 0.0854357657716761
229 0.0
230 2.396327946436565
231 1.033622788243404
232 0.0
233 1.3308165902688718
234 0.6939779183594883
235 0.12909944487358055
236 1.1907741629801205
237 0.95
238 1.1675275445897997
239 0.7027642214999339
240 1.2028335340512826
241 0.17888543819998318
242 0.35856858280031806
243 0.47519096331149147
244 0.3535533905932738
245 1.0316909992373902
246 0.0
247 0.0
248 0.0
249 1.5934144523346243
250 1.4040042984889465
251 0.6064496310619684
252 0.5049555224782425
253 0.11785113019775793
254 0.16012815380508713
255 0.8727860481775686
256 0.16666666666666666
257 1.6661083594384698
258 0.17149858514250882
259 0.9304804031721452
260 0.7814646651645636
261 1.992913103446733
262 0.8560952183030244
263 1.4702384793167913
264 0.6195855517393628
265 0.4521867351553772
266 0.7699188535494523
267 1.887652662034549
268 1.8016898767608542
269 0.7462025072446364
270 0.8762262903202238
271 0.16116459280507606
272 0.8773280079294956
273 0.0
274 0.24209101306752098
275 0.0
276 1.4365834639333268
277 1.0
278 0.44556639433950346
279 1.4484236377810045
280 0.10206207261596577
281 1.533166698810794
282 0.0
283 0.5746957711326908
284 0.0
285 0.3113995776646092
286 1.5811388300841898
287 0.0
288 0.17149858514250882
289 0.588348405414552
290 0.3144854510165755
291 0.5622535302317492
292 0.711530850088466
293 0.8292279828967711
294 0.3692744729379982
295 0.7789808377045201
296 0.3849001794597505
297 0.7155417527999327
298 0.0
299 0.4507489358552088
300 0.3261640365267211
301 0.5205792062953536
302 0.1259881576697424
303 0.8405958999380528
304 1.5207512504619918
305 0.4256282653793743
306 0.7399229916143659
307 0.10783277320343841
308 0.5076730825668095
309 0.2849881999516386
310 0.6357072528610997
311 0.4472135954999579
312 0.0
313 0.6213697660012001
314 0.6207659127814104
315 0.24333213169614382
316 0.8858795678282981
317 0.3686048903872428
318 0.9006863799659567
319 0.7476591451270221
320 0.14824986333222023
321 0.24413653763134782
322 0.3441236008058426
323 0.40451991747794525
324 0.10540925533894598
325 0.8442317648177381
326 1.1334449739165977
327 1.0606601717798212
328 0.0
329 0.09245003270420485
330 0.0
331 0.39904344223381105
332 0.4166666666666667
333 0.33541019662496846
334 0.9383148632568366
335 0.7742017690530635
336 0.9079798901495729
337 0.18569533817705186
338 0.26037782196164777
339 0.23904572186687872
340 0.0
341 0.551380177828794
342 0.34299717028501764
343 1.025229189260113
344 0.5103103630798288
345 0.26037782196164777
346 0.6835859270246633
347 0.5685352436149612
348 0.6546536707079771
349 0.1543033499620919
350 0.23570226039551587
351 0.0
352 0.17609018126512477
353 0.23904572186687872
354 0.20412414523193154






0 22.634615384615383
1 40.275862068965516
2 40.450980392156865
3 39.6063829787234
4 35.71212121212121
5 13.75
6 32.84782608695652
7 15.466666666666667
8 27.0625
9 27.515625
10 26.782178217821784
11 25.4
12 23.264150943396228
13 3.6666666666666665
14 31.040816326530614
15 32.54761904761905
16 15.555555555555555
17 10.0
18 25.319444444444443
19 11.8
20 16.5
21 10.45
22 6.714285714285714
23 33.33846153846154
24 29.724489795918366
25 34.42201834862385
26 7.4
27 30.107142857142858
28 17.666666666666668
29 31.511811023622048
30 13.0
31 18.973684210526315
32 19.25
33 16.98
34 9.0
35 29.81578947368421
36 27.05
37 30.63855421686747
38 38.8448275862069
39 31.153846153846153
40 15.8
41 29.13157894736842
42 23.772727272727273
43 15.526315789473685
44 38.0
45 33.7734375
46 19.857142857142858
47 10.4
48 8.0
49 10.5
50 3.8666666666666667
51 1.75
52 26.7
53 28.721649484536083
54 10.0
55 27.431372549019606
56 28.520833333333332
57 9.142857142857142
58 16.03846153846154
59 30.444444444444443
60 19.95
61 13.0
62 13.317073170731707
63 10.5
64 26.4
65 10.25
66 24.254545454545454
67 13.5
68 7.0
69 30.76923076923077
70 3.5
71 19.25
72 11.0
73 2.5
74 30.11111111111111
75 11.75
76 8.921052631578947
77 3.0
78 8.923076923076923
79 12.148148148148149
80 19.2
81 16.857142857142858
82 9.4
83 35.043956043956044
84 14.25
85 30.767857142857142
86 25.88888888888889
87 11.8
88 18.0
89 10.5
90 8.0
91 19.466666666666665
92 18.714285714285715
93 7.909090909090909
94 22.928571428571427
95 29.92207792207792
96 29.75
97 13.0
98 4.0
99 41.47540983606557
100 23.05
101 13.333333333333334
102 30.142857142857142
103 35.829268292682926
104 14.333333333333334
105 3.0
106 23.11111111111111
107 19.5
108 25.275
109 39.644444444444446
110 21.5
111 21.05263157894737
112 17.571428571428573
113 28.470588235294116
114 25.875
115 20.0
116 5.0
117 1.5
118 4.0
119 9.0
120 11.444444444444445
121 3.5
122 12.0
123 6.5
124 14.0
125 20.5
126 6.666666666666667
127 6.333333333333333
128 9.666666666666666
129 10.0
130 8.333333333333334
131 16.666666666666668
132 36.63768115942029
133 0.0
134 29.069767441860463
135 13.25
136 8.88888888888889
137 32.75
138 29.90909090909091
139 48.5
140 3.0
141 1.0
142 1.0
143 3.0
144 0.0
145 2.0
146 29.94047619047619
147 14.714285714285714
148 2.0
149 5.125
150 0.0
151 10.0
152 22.666666666666668
153 41.62
154 36.0
155 6.0
156 22.428571428571427
157 37.07142857142857
158 6.0
159 3.0
160 30.944444444444443
161 44.46511627906977
162 29.352941176470587
163 6.333333333333333
164 4.0
165 16.238095238095237
166 24.5
167 16.285714285714285
168 22.555555555555557
169 23.608695652173914
170 15.6
171 9.666666666666666
172 3.5
173 1.5
174 17.625
175 58.333333333333336
176 15.272727272727273
177 21.875
178 0.5
179 15.0
180 2.0
181 21.75
182 22.175675675675677
183 13.0
184 28.053763440860216
185 28.0
186 42.525252525252526
187 9.916666666666666
188 10.0
189 11.818181818181818
190 24.64516129032258
191 3.0
192 21.1
193 0.0
194 5.9375
195 2.0
196 0.75
197 25.59259259259259
198 32.5
199 22.0
200 6.0
201 11.428571428571429
202 5.0
203 22.157894736842106
204 36.53333333333333
205 16.5
206 8.0
207 15.208333333333334
208 28.269662921348313
209 16.88235294117647
210 21.5
211 17.923076923076923
212 11.909090909090908
213 4.0
214 24.08108108108108
215 1.0
216 22.65
217 13.5
218 2.0
219 1.0
220 30.8375
221 4.0
222 1.0
223 24.75
224 21.0
225 12.666666666666666
226 22.0
227 23.625
228 20.5
229 47.0
230 15.875
231 13.857142857142858
232 5.5
233 5.0
234 5.071428571428571
235 21.072727272727274
236 24.605263157894736
237 7.666666666666667
238 14.75
239 10.0
240 42.6
241 4.0
242 9.0
243 7.4
244 17.5
245 4.5
246 38.0
247 4.0
248 24.0
249 19.5
250 36.0
251 22.0
252 11.2
253 19.5
254 28.83050847457627
255 21.157894736842106
256 2.0
257 16.8
258 19.0
259 11.8
260 18.76086956521739
261 8.4
262 16.35
263 14.571428571428571
264 11.0
265 1.0
266 19.80952380952381
267 7.777777777777778
268 9.5
269 4.0
270 16.0
271 7.666666666666667
272 7.5
273 1.0
274 10.0
275 31.09090909090909
276 21.956521739130434
277 18.7
278 2.0
279 18.0
280 21.19047619047619
281 27.0
282 4.0
283 29.0
284 24.0
285 15.8
286 10.0
287 10.0
288 19.25
289 18.0
290 7.0
291 0.0
292 13.5
293 2.75
294 2.0
295 16.833333333333332
296 12.0
297 6.0
298 0.0
299 8.578947368421053
300 20.0
301 24.0
302 6.0
303 31.209302325581394
304 14.833333333333334
305 27.166666666666668
306 38.47826086956522
307 13.307692307692308
308 22.48148148148148
309 13.555555555555555
310 22.16
311 5.666666666666667
312 12.0
313 29.75
314 12.714285714285714
315 14.5
316 7.333333333333333
317 0.0
318 8.0
319 14.5
320 36.95348837209303
321 21.473684210526315
322 18.9
323 12.0
324 6.0
325 19.5
326 0.0
327 26.2
328 17.0
329 17.142857142857142
330 22.5
331 16.333333333333332
332 12.0
333 2.5
334 27.954545454545453
335 40.9
336 0.0
337 19.714285714285715
338 26.17391304347826
339 14.0
340 7.5
341 19.0
342 4.0
343 6.0
344 25.76923076923077
345 6.0
346 7.0
347 7.333333333333333
348 8.6
349 37.75
350 26.142857142857142
351 11.0
352 34.166666666666664
353 30.72
354 22.428571428571427
355 11.615384615384615
356 4.0
357 22.0
358 0.0
359 19.9
360 10.0
361 21.066666666666666
362 12.0
363 32.65217391304348
364 8.214285714285714
365 9.0
366 9.0
367 29.0
368 9.0
369 18.0
370 10.0
371 6.875
372 28.526315789473685
373 6.666666666666667
374 20.7
375 25.0
376 15.0
377 9.5
378 15.285714285714286
379 14.666666666666666
380 10.8
381 5.0
382 5.0
383 41.74074074074074
384 14.5
385 27.0
386 4.5
387 1.0
388 7.0
389 1.0
390 19.5
391 8.2
392 12.0
393 29.24137931034483
394 14.76923076923077
395 9.0
396 33.61538461538461
397 8.0
398 51.0
399 2.0
400 24.38888888888889
401 33.75
402 29.5
403 9.0
404 1.0
405 13.333333333333334
406 2.3333333333333335
407 27.15
408 13.125
409 24.571428571428573
410 22.2
411 11.666666666666666
412 19.0
413 36.23076923076923
414 5.0
415 21.555555555555557
416 13.0
417 30.428571428571427
418 0.0
419 13.5
420 26.181818181818183
421 24.0
422 5.0
423 6.0
424 4.0
425 4.0
426 22.166666666666668
427 46.15384615384615
428 7.0
429 5.0
430 2.5
431 34.0
432 0.0
433 14.5
434 2.0
435 3.0
436 25.0
437 32.3
438 30.0
439 6.333333333333333
440 32.0
441 11.5
442 29.357142857142858
443 14.0
444 52.5
445 6.0
446 3.0
447 1.0
448 16.25
449 3.5
450 3.0
451 2.0
452 28.0
453 20.0
454 10.0
455 12.0
456 6.0
457 12.0
458 19.0
459 4.5
460 5.0
